0 C 1 3 G 0 1
1 C 0 4 G 0 2
2 C 3 7 G 3 5
3 C 0 2 8 G 1 3 6
4 C 1 5 9 G 2 4 7
5 C 4 10 G 4 8
6 C 7 12 G 9 12
7 C 2 6 13 G 5 9 13
8 C 3 9 14 G 6 10 14
9 C 4 8 15 G 7 10 15
10 C 5 11 16 G 8 11 16
11 C 10 17 G 11 17
12 C 6 18 G 12 20
13 C 7 14 19 G 13 21 18
14 C 8 13 20 G 14 18 22
15 C 9 16 21 G 15 19 23
16 C 10 15 22 G 16 19 23
17 C 11 23 G 17 25
18 C 12 24 19 G 20 26 29
19 C 13 18 25 G 21 26 30
20 C 14 21 26 G 22 27 31
21 C 15 20 27 G 23 27 32
22 C 16 23 28 G 24 28 33
23 C 17 22 29 G 25 28 34
24 C 18 30 G 29 37
25 C 19 26 31 G 30 35 38 
26 C 20 25 32 G 31 35 29
27 C 21 28 33 G 32 36 40
28 C 22 27 34 G 33 36 41
29 C 23 35 G 34 42
30 C 24 31 36 G 37 43 46
31 C 25 30 37 G 38 43 47
32 C 36 33 38 G 39 44 48
33 C 27 32 39 G 40 44 49
34 C 28 35 40 G 41 45 50
35 C 29 34 41 G 42 45 51
36 C 30 42 G 46 54
37 C 31 38 43 G 47 52 55
38 C 32 37 44 G 48 52 56
39 C 33 40 45 G 49 53 57
40 C 34 39 46 G 50 52 58
41 C 35 47 G 51 59
42 C 36 43 G 54 60
43 C 37 42 48 G 55 60 63
44 C 38 45 49 G 56 64 61
45 C 39 44 50 G 57 61 65
46 C 40 47 51 G 58 62 66
47 C 41 46 G 59 62
48 C 43 49 G 63 67
49 C 44 48 52 G 64 67 69
50 C 45 51 53 G 65 68 70
51 C 46 50 G 66 68
52 C 49 53 G 69 71
53 C 50 52 G 70 71
